0.009534
1.770432
30.337045
0.002573
1.826953
31.174632
0.002492
1.956995
33.393961
0.002495
1.684389
28.745848
0.002649
1.635081
27.918869
0.002300
1.024304
17.530356
0.002217
1.024241
17.526768
0.002170
1.125559
19.255653
0.002236
1.022365
17.486473
0.002138
1.050817
17.971383
0.001986
0.779530
13.367786
0.002130
0.882115
15.112173
0.002102
0.803703
13.774887
0.002120
0.915623
15.674986
0.002239
0.859764
14.728755
0.002067
0.724659
12.431144
0.001931
0.712551
12.222683
0.001973
0.744094
12.760294
0.002039
0.722171
12.387322
0.002080
0.701200
12.034179
0.001928
0.668647
11.481828
0.002068
0.675993
11.607009
0.002024
0.613831
10.547418
0.002018
0.684525
11.761500
0.001940
0.627723
10.780826
0.002073
0.530194
9.123425
0.002029
0.595738
10.239601
0.002098
0.607912
10.451358
0.002063
0.607973
10.447947
0.002036
0.600547
10.325104
