0.151140
25.075243
403.709405
0.053703
26.176228
419.745787
0.052742
26.431181
423.826873
0.052794
29.248067
468.883367
0.052783
29.373230
470.900646
0.047111
14.827442
238.073814
0.047160
15.060021
241.803956
0.046840
14.505649
232.938318
0.046893
15.315432
245.881150
0.046535
14.367857
230.715995
0.044424
12.095375
194.346830
0.044532
10.927026
175.635597
0.044555
10.816551
173.874119
0.044291
10.551019
169.632827
0.044926
11.560694
185.780290
0.046000
9.443793
151.944950
0.045953
9.289442
149.479943
0.046062
8.711235
140.231657
0.045994
8.888095
143.048918
0.045413
8.593348
138.375266
0.045987
7.822361
126.092761
0.046406
8.919559
143.580442
0.047363
8.421857
135.691126
0.046052
8.137030
131.046103
0.046227
8.506488
136.974711
0.046722
8.598072
138.469169
0.046951
7.089748
114.408323
0.047191
7.714404
124.356223
0.047160
7.206932
116.290108
0.046833
7.652037
123.401886
