0.048723
1.474202
25.946084
0.031735
1.757200
30.485693
0.026547
1.726267
29.864371
0.043117
1.533928
26.939013
0.052279
1.401141
24.839523
0.122844
1.524269
29.784455
0.116747
1.627022
31.732519
0.138040
1.580758
30.699000
0.112031
1.559045
30.420033
0.129083
1.607985
31.858580
0.146419
1.462440
30.217596
0.106673
1.374502
26.805815
0.116988
1.353404
26.907256
0.153548
1.472024
29.850806
0.082212
1.296171
24.929438
0.054311
1.410944
27.918718
0.066412
1.545187
29.567341
0.042670
1.751061
32.785447
0.054850
1.667568
32.377706
0.037620
1.968089
36.101928
0.073225
1.696370
33.229089
0.040228
1.611321
30.092940
0.036706
1.727215
31.956666
0.099519
1.753208
35.042951
0.043314
1.966226
36.277456
0.075973
1.889005
35.892318
0.049437
1.920671
35.595188
0.052249
1.625733
30.629898
0.157770
1.390072
30.608936
0.051083
1.693736
32.083215
