0.801326
23.157154
383.459894
0.745854
24.479655
403.721199
1.114603
26.047550
436.403005
0.865262
27.492954
454.623616
0.807043
30.073321
494.630924
0.926463
22.398218
374.483758
0.891655
23.128419
385.794550
1.148368
21.521708
365.643045
1.208979
20.000980
341.265088
1.215943
21.181726
365.586244
1.232656
14.215964
251.018423
1.274476
13.393449
237.047266
1.260586
15.221312
269.320638
1.336030
14.664932
262.977642
0.993656
14.852471
255.686790
0.978909
15.375303
264.425592
0.949380
32.158726
530.537155
0.982191
14.690488
255.233880
1.254143
13.841097
245.056634
1.068468
35.494782
588.412889
1.211089
15.183104
266.557809
1.166142
14.935740
263.451809
1.035214
35.115720
579.698715
1.126719
28.152484
472.208258
1.303387
29.041763
490.663522
0.790722
21.144734
352.606372
0.804138
20.774537
347.197787
0.778673
20.039653
334.475521
0.781481
20.200896
337.389232
0.695287
20.244691
337.103199